shape_id,shape_pt_lat,shape_pt_lon,shape_pt_sequence
4860691,40.3643574, 18.1468438,1
4860691,40.3642874, 18.1469283,2
4860691,40.364206, 18.147009,3
4860691,40.3641257, 18.1471055,4
4860691,40.3640659, 18.1471901,5
4860691,40.3640126, 18.1472993,6
4860691,40.3639337, 18.1475185,7
4860691,40.3638556, 18.1477357,8
4860691,40.3637395, 18.1480669,9
4860691,40.3636257, 18.1483913,10
4860691,40.3633396, 18.1491774,11
4860691,40.363022, 18.1489774,12
4860691,40.3627643, 18.1488175,13
4860691,40.3624773, 18.1495987,14
4860691,40.3622792, 18.1501495,15
4860691,40.3618717, 18.1499144,16
4860691,40.3612178, 18.1493119,17
4860691,40.3607815, 18.149877,18
4860691,40.3605749, 18.15017,19
4860691,40.3603766, 18.1504314,20
4860691,40.3600873, 18.1508527,21
4860691,40.3595925, 18.1515179,22
4860691,40.3608837, 18.1524788,23
4860691,40.361268, 18.1527352,24
4860691,40.3610615, 18.1532483,25
4860691,40.3602769, 18.154286,26
4860691,40.3599642, 18.1546776,27
4860691,40.3597306, 18.1550061,28
4860691,40.3591682, 18.1557399,29
4860691,40.3591018, 18.15583,30
4860691,40.358193, 18.1549695,31
4860691,40.358209, 18.1549348,32
4860691,40.3582164, 18.1548954,33
4860691,40.3582145, 18.1548549,34
4860691,40.3582034, 18.154817,35
4860691,40.3581842, 18.1547852,36
4860691,40.3581586, 18.1547624,37
4860691,40.3581199, 18.1547495,38
4860691,40.3580804, 18.1547571,39
4860691,40.3580461, 18.154784,40
4860691,40.3580223, 18.154826,41
4860691,40.3580127, 18.1548738,42
4860691,40.358017, 18.1549229,43
4860691,40.3580345, 18.1549667,44
4860691,40.358063, 18.1549991,45
4860691,40.3577834, 18.1555837,46
4860691,40.3577183, 18.1557337,47
4860691,40.3576819, 18.1558135,48
4860691,40.3575708, 18.1560282,49
4860691,40.3575398, 18.1559905,50
4860691,40.3574984, 18.1559789,51
4860691,40.3574583, 18.1559964,52
4860691,40.3573653, 18.1558674,53
4860691,40.357271, 18.1558027,54
4860691,40.3571924, 18.1557701,55
4860691,40.3571058, 18.155775,56
4860691,40.3570301, 18.1557949,57
4860691,40.3569531, 18.1558504,58
4860691,40.3567456, 18.1561841,59
4860691,40.3563492, 18.1568419,60
4860691,40.3562078, 18.1570786,61
4860691,40.35587, 18.157649,62
4860691,40.3557884, 18.1576874,63
4860691,40.3557204, 18.1577149,64
4860691,40.3556064, 18.1577099,65
4860691,40.3553174, 18.1575259,66
4860691,40.3548185, 18.1572142,67
4860691,40.3547507, 18.1572563,68
4860691,40.3546386, 18.157564,69
4860691,40.3544651, 18.15804,70
4860691,40.3541983, 18.1587766,71
4860691,40.3539345, 18.159459,72
4860691,40.3536518, 18.1602235,73
4860691,40.3534675, 18.1607376,74
4860691,40.3535988, 18.1607801,75
4860691,40.3537926, 18.1606185,76
4860691,40.3549784, 18.159657,77
4860691,40.3551001, 18.1599815,78
4860691,40.3552239, 18.1604692,79
4860691,40.3552815, 18.160671,80
4860691,40.3562782, 18.1613968,81
4860691,40.3563039, 18.1614201,82
4860691,40.3558068, 18.1623908,83
4860691,40.3555995, 18.1628733,84
4860691,40.3554239, 18.1633581,85
4860691,40.3548886, 18.1643372,86
4860691,40.354483, 18.1650881,87
4860691,40.3544264, 18.1652379,88
4860691,40.354304, 18.165602,89
4860691,40.3542425, 18.1657666,90
4860691,40.3550676, 18.1662821,91
4860691,40.3554295, 18.1665106,92
4860691,40.3558267, 18.1667614,93
4860691,40.3566374, 18.1672389,94
4860691,40.3567002, 18.1672868,95
4860691,40.3567499, 18.1673786,96
4860691,40.3567616, 18.1674298,97
4860691,40.3567802, 18.1674678,98
4860691,40.3568113, 18.1675036,99
4860691,40.3568311, 18.1675172,100
4860691,40.3568644, 18.1675294,101
4860691,40.3569054, 18.1675289,102
4860691,40.3569368, 18.167517,103
4860691,40.356968, 18.1674926,104
4860691,40.3570277, 18.1674999,105
4860691,40.3571098, 18.1675332,106
4860691,40.358077, 18.1681306,107
4860691,40.3587481, 18.168545,108
4860691,40.3597358, 18.1691551,109
4860691,40.3600125, 18.1693259,110
4860691,40.3600492, 18.1693486,111
4860691,40.3602365, 18.1694888,112
4860691,40.3603575, 18.1696629,113
4860691,40.3604295, 18.1697861,114
4860691,40.3604873, 18.1699227,115
4860691,40.3605284, 18.1700611,116
4860691,40.3605644, 18.1702382,117
4860691,40.3605683, 18.1703698,118
4860691,40.3605617, 18.1705333,119
4860691,40.3605426, 18.1706397,120
4860691,40.3605117, 18.1707831,121
4860691,40.3604757, 18.1709012,122
4860691,40.3604169, 18.1710405,123
4860691,40.3602896, 18.1712303,124
4860691,40.360116, 18.1714858,125
4860691,40.3599863, 18.1716749,126
4860691,40.359837, 18.1719111,127
4860691,40.3597691, 18.1720308,128
4860691,40.3597476, 18.1720686,129
4860691,40.3597166, 18.172111,130
4860691,40.3596311, 18.1722279,131
4860691,40.3596077, 18.1722598,132
4860691,40.359477, 18.1724385,133
4860691,40.3591437, 18.1728161,134
4860691,40.3589657, 18.1729429,135
4860691,40.3589078, 18.1729841,136
4860691,40.3588741, 18.1730052,137
4860691,40.3588373, 18.1730285,138
4860691,40.3585887, 18.1731893,139
4860691,40.3580126, 18.1735126,140
4860691,40.3572454, 18.1739268,141
4860691,40.3567488, 18.1742206,142
4860691,40.3566584, 18.1742729,143
4860691,40.3563267, 18.1744597,144
4860691,40.3562648, 18.1744589,145
4860691,40.3561966, 18.1744487,146
4860691,40.3561227, 18.1744221,147
4860691,40.3560333, 18.1742537,148
4860691,40.3559912, 18.1741743,149
4860691,40.3559779, 18.1740861,150
4860691,40.3559395, 18.1740105,151
4860691,40.3557451, 18.173734,152
4860691,40.3550696, 18.173808,153
4860691,40.354882, 18.173832,154
4860691,40.3544845, 18.1738828,155
4860691,40.3542188, 18.1739174,156
4860691,40.3541726, 18.1739229,157
4860691,40.3541264, 18.1739302,158
4860691,40.3534625, 18.1740349,159
4860691,40.352848, 18.1740952,160
4860691,40.3526629, 18.1741257,161
4860691,40.3524505, 18.1741225,162
4860691,40.3522119, 18.1740309,163
4860691,40.3520155, 18.1739448,164
4860691,40.3518866, 18.1739487,165
4860691,40.3518089, 18.1739779,166
4860691,40.3515976, 18.1747009,167
4860691,40.3515118, 18.174742,168
4860691,40.3514727, 18.1747483,169
4860691,40.3514213, 18.1747567,170
4860691,40.3513283, 18.174727,171
4860691,40.3512284, 18.1746616,172
4860691,40.3511096, 18.1745693,173
4860691,40.3510478, 18.1745111,174
4860691,40.3509952, 18.1744616,175
4860691,40.3507458, 18.1742359,176
4860691,40.3505034, 18.1740495,177
4860691,40.3504712, 18.1740247,178
4860691,40.350297, 18.1738784,179
4860691,40.3502469, 18.1738363,180
4860691,40.3498556, 18.1734962,181
4860691,40.3494879, 18.1731771,182
4860691,40.3494612, 18.173154,183
4860691,40.3493768, 18.1730807,184
4860691,40.3493473, 18.173172,185
4860691,40.3492025, 18.1736192,186
4860691,40.3490405, 18.1741378,187
4860691,40.3485906, 18.1754722,188
4860691,40.3481501, 18.1767788,189
4860691,40.3478562, 18.1776505,190
4860691,40.3476416, 18.1782869,191
4860691,40.3474443, 18.1788721,192
4860691,40.3473964, 18.1788598,193
4860691,40.3473624, 18.1788661,194
4860691,40.3473395, 18.178878,195
4860691,40.3472976, 18.1789239,196
4860691,40.3472731, 18.1790005,197
4860691,40.3472815, 18.1790866,198
4860691,40.3473158, 18.1791483,199
4860691,40.3472197, 18.1794296,200
4860691,40.3471652, 18.1795917,201
4860691,40.3470927, 18.1798019,202
4860691,40.3470128, 18.1800334,203
4860691,40.3469872, 18.1801077,204
4860691,40.346989, 18.1801465,205
4860691,40.3469862, 18.1801943,206
4860691,40.3469788, 18.1802382,207
4860691,40.3466465, 18.1812371,208
4860691,40.3461486, 18.1827255,209
4860691,40.346054, 18.1830082,210
4860691,40.3460268, 18.1830897,211
4860691,40.3460248, 18.183169,212
4860691,40.3460344, 18.1832101,213
4860691,40.3460473, 18.1832656,214
4860691,40.3461138, 18.1833747,215
4860691,40.3462471, 18.1834883,216
4860691,40.3465925, 18.1837966,217
4860691,40.3468163, 18.1839941,218
4860691,40.3469518, 18.1841105,219
4860691,40.3470368, 18.1841904,220
4860691,40.3472947, 18.1844107,221
4860691,40.3475265, 18.184618,222
4860691,40.3476122, 18.1846914,223
4860691,40.3476646, 18.1847292,224
4860691,40.3476921, 18.1847491,225
4860691,40.3478132, 18.1848127,226
4860691,40.3479588, 18.1848826,227
4860691,40.348079, 18.1849404,228
4860691,40.3487083, 18.1852388,229
4860691,40.349302, 18.1855105,230
4860691,40.3496861, 18.1856552,231
4860691,40.3498485, 18.1856927,232
4860691,40.3501096, 18.1857389,233
4860691,40.3504235, 18.1857953,234
4860691,40.3507201, 18.1858426,235
4860691,40.3508725, 18.1858638,236
4860691,40.3509074, 18.1858691,237
4860691,40.3509627, 18.1860009,238
4860691,40.3510346, 18.1861754,239
4860691,40.3513341, 18.1868077,240
4860691,40.3513849, 18.1869226,241
4860691,40.3514546, 18.187106,242
4860691,40.351812, 18.1882737,243
4860691,40.3519712, 18.1888504,244
4860691,40.3519968, 18.1889585,245
4860691,40.35232, 18.1904476,246
4860691,40.3523513, 18.1905058,247
4860691,40.3524006, 18.1905579,248
4860691,40.3524618, 18.1906649,249
4860691,40.3524973, 18.1907141,250
4860691,40.3525004, 18.1907853,251
4860691,40.3525328, 18.1908492,252
4860691,40.3525845, 18.1908812,253
4860691,40.3526379, 18.1908756,254
4860691,40.3526815, 18.1908385,255
4860691,40.3528989, 18.1908791,256
4860691,40.3535002, 18.1910261,257
4860691,40.3536167, 18.1910575,258
4860691,40.3537297, 18.1910849,259
4860691,40.3538156, 18.191091,260
4860691,40.3538674, 18.1911077,261
4860691,40.3539352, 18.1910938,262
4860691,40.3539828, 18.1910547,263
4860691,40.3540614, 18.191101,264
4860691,40.3542363, 18.1911342,265
4860691,40.3543963, 18.1911576,266
4860691,40.3551032, 18.1912967,267
4860691,40.3553652, 18.1913873,268
4860691,40.3554401, 18.1914317,269
4860691,40.3554943, 18.1914904,270
4860691,40.3555207, 18.1915338,271
4860691,40.3555522, 18.1915632,272
4860691,40.3555937, 18.1916742,273
4860691,40.3556596, 18.192093,274
4860691,40.3556667, 18.192189,275
4860691,40.3558157, 18.1942219,276
4860691,40.3558458, 18.1946077,277
4860691,40.3550496, 18.1947481,278
4860691,40.3546944, 18.1948107,279
4860691,40.3538169, 18.1949654,280
4860691,40.3537354, 18.194979,281
4860691,40.3518318, 18.1952866,282
4860691,40.3514046, 18.1953585,283
4860691,40.3513524, 18.1954025,284
4860691,40.3513221, 18.1954756,285
4860691,40.3513189, 18.195559,286
4860691,40.3513705, 18.1957982,287
4860691,40.3514852, 18.1963292,288
4860691,40.3515098, 18.196443,289
4860691,40.351735, 18.1974862,290
4860691,40.351806, 18.1979854,291
4860691,40.352017, 18.1992532,292
4860691,40.3520552, 18.1996372,293
4860691,40.3520652, 18.1999624,294
4860691,40.3520586, 18.2003479,295
4860691,40.3520345, 18.200929,296
4860691,40.3519243, 18.2022977,297
4860691,40.351912, 18.2025236,298
4860691,40.3518889, 18.2026275,299
4860691,40.3518547, 18.2027148,300
4860691,40.3517093, 18.2029812,301
4860691,40.351668, 18.203063,302
4860691,40.3516445, 18.2030994,303
4860691,40.351624, 18.2031602,304
4860691,40.3516224, 18.2032121,305
4860691,40.3516388, 18.20326,306
4860691,40.3516622, 18.2032944,307
4860691,40.3517093, 18.2033754,308
4860691,40.3517929, 18.2035648,309
4860691,40.3518386, 18.2036616,310
4860691,40.3518593, 18.2037161,311
4860691,40.3518861, 18.2038033,312
4860691,40.3518767, 18.2058904,313
4860691,40.3518749, 18.2062976,314
4860691,40.3518287, 18.2063759,315
4860691,40.3518031, 18.2069071,316
4860691,40.3517912, 18.2069919,317
4860691,40.3517596, 18.2070801,318
4860691,40.3517111, 18.2071521,319
4860691,40.3516542, 18.2072138,320
4860691,40.351424, 18.2074087,321
4860691,40.3509523, 18.2077844,322
4860691,40.3507881, 18.2078961,323
4860691,40.3506951, 18.2079412,324
4860691,40.3505938, 18.207967,325
4860691,40.3505, 18.207979,326
4860691,40.3503918, 18.2079757,327
4860691,40.3502704, 18.2079577,328
4860691,40.3501408, 18.2079148,329
4860691,40.3500532, 18.2078832,330
4860691,40.3495728, 18.2075238,331
4860691,40.349482, 18.2075006,332
4860691,40.3479191, 18.2062762,333
4860691,40.3478875, 18.2062094,334
4860691,40.3473761, 18.2057887,335
4860691,40.3473127, 18.2057163,336
4860691,40.3472641, 18.2056381,337
4860691,40.3472207, 18.2055446,338
4860691,40.3471721, 18.2054047,339
4860691,40.347096, 18.2050377,340
4860691,40.3470183, 18.2046514,341
4860691,40.346957, 18.2044235,342
4860691,40.346865, 18.2041016,343
4860691,40.3467362, 18.203761,344
4860691,40.3465781, 18.2034155,345
4860691,40.3465299, 18.2033103,346
4860691,40.3463666, 18.2030095,347
4860691,40.3460945, 18.2025674,348
4860691,40.3458594, 18.2022562,349
4860691,40.3456979, 18.2020658,350
4860691,40.3456202, 18.2019558,351
4860691,40.3455446, 18.201819,352
4860691,40.3454813, 18.2016903,353
4860691,40.3454337, 18.2015618,354
4860691,40.3453429, 18.2012909,355
4860691,40.3452775, 18.2011141,356
4860691,40.3452131, 18.2009224,357
4860691,40.3451624, 18.2007139,358
4860691,40.3451454, 18.2003867,359
4860691,40.3451976, 18.2003306,360
4860691,40.3452336, 18.2002483,361
4860691,40.3452411, 18.2002116,362
4860691,40.3452443, 18.2001564,363
4860691,40.3452278, 18.2000618,364
4860691,40.3452415, 18.1999793,365
4860691,40.3452865, 18.1998398,366
4860691,40.3453382, 18.1997752,367
4860691,40.3453854, 18.1996883,368
4860691,40.3454132, 18.1995837,369
4860691,40.3454241, 18.1994748,370
4860691,40.3454152, 18.1992499,371
4860691,40.3453466, 18.1979255,372
4860691,40.3452797, 18.1965882,373
4860691,40.3452084, 18.1951623,374
4860691,40.3451909, 18.1947193,375
4860691,40.3451867, 18.1945254,376
4860691,40.3451851, 18.1944492,377
4860691,40.3451818, 18.1942015,378
4860691,40.3451837, 18.1939651,379
4860691,40.3451844, 18.1939169,380
4860691,40.3452035, 18.1936261,381
4860691,40.345208, 18.1935474,382
4860691,40.3452491, 18.1930647,383
4860691,40.3452938, 18.1928183,384
4860691,40.345364, 18.1925557,385
4860691,40.3454438, 18.1922989,386
4860691,40.3454692, 18.1922163,387
4860691,40.3456251, 18.1917545,388
4860691,40.346134, 18.1903248,389
4860691,40.346153, 18.1902735,390
4860691,40.3461758, 18.1902086,391
4860691,40.3462207, 18.1900775,392
4860691,40.3463115, 18.1898045,393
4860691,40.3463399, 18.1897151,394
4860691,40.3464505, 18.1893719,395
4860691,40.3464896, 18.1892509,396
4860691,40.3465263, 18.1891215,397
4860691,40.3466817, 18.1886176,398
4860691,40.3466987, 18.1885626,399
4860691,40.3467917, 18.1882567,400
4860691,40.3468027, 18.1882206,401
4860691,40.346815, 18.1881793,402
4860691,40.3468885, 18.1879378,403
4860691,40.3469028, 18.1878847,404
4860691,40.3469251, 18.1878151,405
4860691,40.3470421, 18.1874363,406
4860691,40.3470518, 18.1874054,407
4860691,40.3472016, 18.1869319,408
4860691,40.3472238, 18.1868652,409
4860691,40.3472772, 18.186693,410
4860691,40.3472909, 18.1866498,411
4860691,40.3473082, 18.1865951,412
4860691,40.3474926, 18.1860148,413
4860691,40.34751, 18.1859534,414
4860691,40.3475509, 18.1858088,415
4860691,40.3476863, 18.1853144,416
4860691,40.3477093, 18.1852304,417
4860691,40.3477183, 18.1852029,418
4860691,40.3477795, 18.1849487,419
4860691,40.3477919, 18.1848961,420
4860691,40.3478132, 18.1848127,421
4860691,40.3478392, 18.1847044,422
4860691,40.3477608, 18.1846586,423
4860691,40.3477103, 18.1846257,424
4860691,40.3476742, 18.1846022,425
4860691,40.3475943, 18.1845402,426
4860691,40.3462901, 18.1833499,427
4860691,40.3461673, 18.1832243,428
4860691,40.3460991, 18.1831545,429
4860691,40.3460268, 18.1830897,430
4860691,40.3458821, 18.182942,431
4860691,40.3458086, 18.182867,432
4860691,40.3454501, 18.1825001,433
4860691,40.3454325, 18.182482,434
4860691,40.3451554, 18.1821684,435
4860691,40.345023, 18.1819602,436
4860691,40.3449454, 18.1817864,437
4860691,40.3448895, 18.1816023,438
4860691,40.3447881, 18.1812173,439
4860691,40.344601, 18.1804993,440
4860691,40.3445273, 18.1802888,441
4860691,40.3444348, 18.1800874,442
4860691,40.3443106, 18.1798695,443
4860691,40.3437383, 18.1788657,444
4860691,40.3436465, 18.1787047,445
4860691,40.3433901, 18.1783189,446
4860691,40.3433307, 18.1782453,447
4860691,40.3432793, 18.1781603,448
4860691,40.3432357, 18.1780539,449
4860691,40.3432412, 18.1780019,450
4860691,40.3432316, 18.1779489,451
4860691,40.3432076, 18.1779045,452
4860691,40.3431727, 18.1778749,453
4860691,40.3431394, 18.1778649,454
4860691,40.3430751, 18.1777485,455
4860691,40.3430095, 18.1776237,456
4860691,40.3429174, 18.1773438,457
4860691,40.3428236, 18.176974,458
4860691,40.3427965, 18.176867,459
4860691,40.342785, 18.1767994,460
4860691,40.3427407, 18.1764993,461
4860691,40.3426398, 18.1758427,462
4860691,40.3425662, 18.1756509,463
4860691,40.3425735, 18.1754616,464
4860691,40.3426707, 18.1745267,465
4860691,40.3427464, 18.174141,466
4860691,40.342774, 18.1740313,467
4860691,40.3428158, 18.1738652,468
4860691,40.342847, 18.173741,469
4860691,40.3430443, 18.1732232,470
4860691,40.343154, 18.1731301,471
4860691,40.3433815, 18.1729662,472
4860691,40.3436963, 18.1727624,473
4860691,40.3438509, 18.1726624,474
4860691,40.3439814, 18.1725779,475
4860691,40.3440739, 18.172518,476
4860691,40.3443966, 18.1723067,477
4860691,40.344523, 18.1722197,478
4860691,40.3448928, 18.171965,479
4860691,40.3450805, 18.1718323,480
4860691,40.3454557, 18.171567,481
4860691,40.3456283, 18.1714434,482
4860691,40.345641, 18.1714343,483
4860691,40.3457564, 18.1713516,484
4860691,40.3460629, 18.1711199,485
4860691,40.3461137, 18.1711006,486
4860691,40.3461826, 18.1710538,487
4860691,40.3462377, 18.1710137,488
4860691,40.3462831, 18.1709763,489
4860691,40.3463162, 18.1709489,490
4860691,40.3463782, 18.1709485,491
4860691,40.3464344, 18.170914,492
4860691,40.3464663, 18.1708693,493
4860691,40.3464858, 18.1708137,494
4860691,40.3464907, 18.1707528,495
4860691,40.3464664, 18.1706579,496
4860691,40.3464804, 18.1705792,497
4860691,40.3465051, 18.1705144,498
4860691,40.3466125, 18.1703366,499
4860691,40.3469763, 18.1697233,500
4860691,40.3470105, 18.1695918,501
4860691,40.3470664, 18.1695009,502
4860691,40.3472413, 18.1691972,503
4860691,40.3473191, 18.1690624,504
4860691,40.3475217, 18.1687116,505
4860691,40.3478287, 18.1682041,506
4860691,40.348005, 18.1679164,507
4860691,40.3480277, 18.1678824,508
4860691,40.3480489, 18.1678508,509
4860691,40.3481583, 18.1676854,510
4860691,40.3472561, 18.1669164,511
4860691,40.3466347, 18.1664023,512
4860691,40.3462405, 18.1660522,513
4860691,40.3461687, 18.1659744,514
4860691,40.3461183, 18.1659278,515
4860691,40.3460713, 18.1659239,516
4860691,40.346025, 18.1659644,517
4860691,40.3459477, 18.1660964,518
4860691,40.3460529, 18.1661632,519
4860691,40.3461391, 18.1662269,520
4860691,40.3463513, 18.1664059,521
4860692,40.3463513, 18.1664059,1
4860692,40.3465492, 18.1665729,2
4860692,40.3472357, 18.1671561,3
4860692,40.3479665, 18.1677809,4
4860692,40.3480489, 18.1678508,5
4860692,40.3480277, 18.1678824,6
4860692,40.348005, 18.1679164,7
4860692,40.3478287, 18.1682041,8
4860692,40.3475217, 18.1687116,9
4860692,40.3473191, 18.1690624,10
4860692,40.3472413, 18.1691972,11
4860692,40.3470664, 18.1695009,12
4860692,40.3470105, 18.1695918,13
4860692,40.3468957, 18.1697688,14
4860692,40.3467113, 18.1700528,15
4860692,40.346564, 18.1702797,16
4860692,40.3463713, 18.1705372,17
4860692,40.3463437, 18.170574,18
4860692,40.3463047, 18.170582,19
4860692,40.3462688, 18.1706037,20
4860692,40.3462285, 18.1706539,21
4860692,40.3462057, 18.1707204,22
4860692,40.3462019, 18.1707642,23
4860692,40.346206, 18.170808,24
4860692,40.3462281, 18.1708723,25
4860692,40.3462666, 18.1709216,26
4860692,40.3463162, 18.1709489,27
4860692,40.3463782, 18.1709485,28
4860692,40.3464344, 18.170914,29
4860692,40.3465271, 18.1709351,30
4860692,40.3465975, 18.1709722,31
4860692,40.3466463, 18.1710072,32
4860692,40.3467061, 18.1710662,33
4860692,40.3467667, 18.1711456,34
4860692,40.3469915, 18.1714405,35
4860692,40.3470373, 18.1715005,36
4860692,40.3473383, 18.1718953,37
4860692,40.3473884, 18.171965,38
4860692,40.3475857, 18.1722392,39
4860692,40.3481504, 18.1729589,40
4860692,40.3482444, 18.1730864,41
4860692,40.3483308, 18.1732037,42
4860692,40.3484157, 18.1733136,43
4860692,40.3486073, 18.1735798,44
4860692,40.3487052, 18.173708,45
4860692,40.348952, 18.1740266,46
4860692,40.3489839, 18.1740667,47
4860692,40.3490405, 18.1741378,48
4860692,40.3496767, 18.174958,49
4860692,40.3501264, 18.1755644,50
4860692,40.3503453, 18.1758412,51
4860692,40.3508831, 18.1765131,52
4860692,40.3509716, 18.1766068,53
4860692,40.3510261, 18.1766549,54
4860692,40.351086, 18.1767014,55
4860692,40.3511448, 18.1767338,56
4860692,40.3512071, 18.176761,57
4860692,40.3512601, 18.176781,58
4860692,40.3513179, 18.1767907,59
4860692,40.351391, 18.1767948,60
4860692,40.3516921, 18.1767708,61
4860692,40.3517992, 18.1767562,62
4860692,40.3520249, 18.1767254,63
4860692,40.3520835, 18.1767174,64
4860692,40.3524646, 18.1766654,65
4860692,40.3530369, 18.1765749,66
4860692,40.3535939, 18.1765048,67
4860692,40.3536315, 18.1765001,68
4860692,40.3543106, 18.1764372,69
4860692,40.3543638, 18.1764323,70
4860692,40.3544619, 18.1764221,71
4860692,40.3546192, 18.1763872,72
4860692,40.3551616, 18.1763118,73
4860692,40.3552718, 18.1762965,74
4860692,40.3553764, 18.1762809,75
4860692,40.3555495, 18.1762597,76
4860692,40.3557054, 18.1762301,77
4860692,40.3558041, 18.176182,78
4860692,40.3558866, 18.1760995,79
4860692,40.3559637, 18.1759448,80
4860692,40.3560273, 18.1757448,81
4860692,40.3560768, 18.1754653,82
4860692,40.3561088, 18.1752464,83
4860692,40.3561464, 18.1749602,84
4860692,40.3561769, 18.1747873,85
4860692,40.3562001, 18.1746573,86
4860692,40.3562337, 18.1745788,87
4860692,40.356276, 18.1745166,88
4860692,40.3563267, 18.1744597,89
4860692,40.3566584, 18.1742729,90
4860692,40.3567488, 18.1742206,91
4860692,40.3572454, 18.1739268,92
4860692,40.3580126, 18.1735126,93
4860692,40.3585887, 18.1731893,94
4860692,40.3588373, 18.1730285,95
4860692,40.3588741, 18.1730052,96
4860692,40.3589078, 18.1729841,97
4860692,40.3591437, 18.1728161,98
4860692,40.359477, 18.1724385,99
4860692,40.3596077, 18.1722598,100
4860692,40.3596311, 18.1722279,101
4860692,40.3597166, 18.172111,102
4860692,40.3597476, 18.1720686,103
4860692,40.3597754, 18.1720391,104
4860692,40.3598689, 18.1719398,105
4860692,40.3600785, 18.1716377,106
4860692,40.360153, 18.1715305,107
4860692,40.3602987, 18.1713187,108
4860692,40.3604261, 18.1711391,109
4860692,40.3605239, 18.171,110
4860692,40.3606046, 18.17086,111
4860692,40.360646, 18.1707527,112
4860692,40.3606857, 18.1705594,113
4860692,40.3607128, 18.1704375,114
4860692,40.3607661, 18.1703289,115
4860692,40.3608491, 18.1702801,116
4860692,40.3608875, 18.1702743,117
4860692,40.3609404, 18.1702495,118
4860692,40.3609844, 18.1702093,119
4860692,40.3610401, 18.1700863,120
4860692,40.3610524, 18.1700162,121
4860692,40.3610444, 18.1699319,122
4860692,40.3610063, 18.1698359,123
4860692,40.3609341, 18.1697611,124
4860692,40.3608367, 18.1697348,125
4860692,40.3607616, 18.1697569,126
4860692,40.3606261, 18.1697052,127
4860692,40.3605169, 18.1696335,128
4860692,40.3602069, 18.1693562,129
4860692,40.3601523, 18.1693223,130
4860692,40.3600406, 18.1692523,131
4860692,40.3599243, 18.1691794,132
4860692,40.358086, 18.1680272,133
4860692,40.3576446, 18.1677625,134
4860692,40.3572094, 18.1675015,135
4860692,40.3571313, 18.1674546,136
4860692,40.3570745, 18.1674173,137
4860692,40.3570189, 18.167359,138
4860692,40.3570136, 18.1673042,139
4860692,40.3569925, 18.1672485,140
4860692,40.3569708, 18.1672182,141
4860692,40.3569491, 18.1671986,142
4860692,40.3570194, 18.1669503,143
4860692,40.3573964, 18.165873,144
4860692,40.3575434, 18.1654397,145
4860692,40.3577111, 18.1649918,146
4860692,40.3583031, 18.1633273,147
4860692,40.3584721, 18.1628298,148
4860692,40.3586935, 18.1622141,149
4860692,40.3590566, 18.1612045,150
4860692,40.3596713, 18.1594936,151
4860692,40.3598287, 18.1590523,152
4860692,40.3601001, 18.1582912,153
4860692,40.3603784, 18.1575105,154
4860692,40.3604731, 18.1572522,155
4860692,40.3605974, 18.1570494,156
4860692,40.3606694, 18.1570212,157
4860692,40.3607205, 18.1569717,158
4860692,40.3607522, 18.1569164,159
4860692,40.3607671, 18.1568733,160
4860692,40.3607784, 18.1567898,161
4860692,40.3607703, 18.1567118,162
4860692,40.3607518, 18.1566546,163
4860692,40.3607605, 18.1565322,164
4860692,40.360821, 18.1562654,165
4860692,40.3613092, 18.1548907,166
4860692,40.361327, 18.1548407,167
4860692,40.3616702, 18.1538743,168
4860692,40.3617166, 18.1537437,169
4860692,40.3619158, 18.1531642,170
4860692,40.3619913, 18.1529521,171
4860692,40.3628531, 18.150531,172
4860692,40.3628876, 18.1504321,173
4860692,40.3631203, 18.1497799,174
4860692,40.3631484, 18.1497026,175
4860692,40.3633396, 18.1491774,176
4860692,40.3636257, 18.1483913,177
4860692,40.3637395, 18.1480669,178
4860692,40.3638556, 18.1477357,179
4860692,40.3639337, 18.1475185,180
4860692,40.3640126, 18.1472993,181
4860692,40.3640659, 18.1471901,182
4860692,40.3641257, 18.1471055,183
4860692,40.364206, 18.147009,184
4860692,40.3642874, 18.1469283,185
4860692,40.3643574, 18.1468438,186
4860692,40.3644233, 18.1467627,187
4860692,40.3644738, 18.1466778,188
4860692,40.3645147, 18.1466137,189
4860692,40.3645671, 18.1465587,190
4860692,40.3646413, 18.1465067,191
4860692,40.3646583, 18.1464992,192
4860692,40.3647171, 18.1464516,193
4860692,40.3647431, 18.1464142,194
4860692,40.3647679, 18.1463556,195
4860692,40.3647782, 18.1462884,196
4860692,40.3647813, 18.1462679,197
4860692,40.3647715, 18.1461828,198
4860692,40.364736, 18.1460994,199
4860692,40.3647024, 18.1460686,200
4860692,40.3646704, 18.1460392,201
4860692,40.3646178, 18.146012,202
4860692,40.3645574, 18.1460121,203
4860692,40.3644865, 18.1460467,204
4860692,40.3644428, 18.146095,205
4860692,40.3644083, 18.146169,206
4860692,40.3643955, 18.1462376,207
4860692,40.364401, 18.1463276,208
4860692,40.3644136, 18.1463725,209
4860692,40.364444, 18.1464265,210
4860692,40.3644493, 18.1465232,211
4860692,40.3644411, 18.1466084,212
4860692,40.3644206, 18.1466888,213
4860692,40.3643979, 18.1467541,214
4549032,40.3430301, 18.1779548,1
4549032,40.3430223, 18.178007,2
4549032,40.3430294, 18.1780594,3
4549032,40.3430506, 18.1781047,4
4549032,40.3430887, 18.1781404,5
4549032,40.3431348, 18.1781519,6
4549032,40.3431877, 18.1782131,7
4549032,40.3432343, 18.1782753,8
4549032,40.3432676, 18.1783228,9
4549032,40.3433369, 18.1784404,10
4549032,40.3436609, 18.1789896,11
4549032,40.3443622, 18.1801917,12
4549032,40.3444537, 18.1804099,13
4549032,40.344515, 18.1805856,14
4549032,40.3446788, 18.1812494,15
4549032,40.3446973, 18.1813242,16
4549032,40.3447933, 18.1816602,17
4549032,40.3448581, 18.1818598,18
4549032,40.3449253, 18.1820171,19
4549032,40.3450151, 18.1821831,20
4549032,40.3451071, 18.1823268,21
4549032,40.3451823, 18.1824245,22
4549032,40.3452273, 18.1824829,23
4549032,40.3458567, 18.183131,24
4549032,40.345913, 18.1831894,25
4549032,40.3459339, 18.1832087,26
4549032,40.3461138, 18.1833747,27
4549032,40.3462471, 18.1834883,28
4549032,40.3465925, 18.1837966,29
4549032,40.3468163, 18.1839941,30
4549032,40.3469518, 18.1841105,31
4549032,40.3470368, 18.1841904,32
4549032,40.3472947, 18.1844107,33
4549032,40.3475265, 18.184618,34
4549032,40.3476122, 18.1846914,35
4549032,40.3476646, 18.1847292,36
4549032,40.3476921, 18.1847491,37
4549032,40.3478132, 18.1848127,38
4549032,40.3479588, 18.1848826,39
4549032,40.348079, 18.1849404,40
4549032,40.3487083, 18.1852388,41
4549032,40.349302, 18.1855105,42
4549032,40.3498057, 18.1856809,43
4549032,40.3501096, 18.1857389,44
4549032,40.3504235, 18.1857953,45
4549032,40.3507201, 18.1858426,46
4549032,40.3508725, 18.1858638,47
4549032,40.3509074, 18.1858691,48
4549032,40.351033, 18.1858883,49
4549032,40.351219, 18.1859178,50
4549032,40.3516378, 18.1859446,51
4549032,40.3521072, 18.1859584,52
4549032,40.3522966, 18.1859538,53
4549032,40.3523703, 18.1859506,54
4549032,40.3524803, 18.1859414,55
4549032,40.3526722, 18.1859209,56
4549032,40.3528653, 18.1859004,57
4549032,40.3530646, 18.1858719,58
4549032,40.3531536, 18.1858592,59
4549032,40.3534324, 18.1857943,60
4549032,40.353461, 18.1857876,61
4549032,40.3536857, 18.1857149,62
4549032,40.3538145, 18.1856537,63
4549032,40.3539316, 18.1855981,64
4549032,40.3551222, 18.1850323,65
4549032,40.3554032, 18.1848964,66
4549032,40.3558767, 18.1846675,67
4549032,40.3559591, 18.1845995,68
4549032,40.3564548, 18.1843688,69
4549032,40.3567783, 18.1842196,70
4549032,40.3573844, 18.1839155,71
4549032,40.3574535, 18.1838954,72
4549032,40.3576858, 18.1837119,73
4549032,40.3578829, 18.1835329,74
4549032,40.3580987, 18.1833535,75
4549032,40.3583421, 18.1831511,76
4549032,40.3584393, 18.1830871,77
4549032,40.35851, 18.1830634,78
4549032,40.3586132, 18.1830603,79
4549032,40.3587037, 18.183057,80
4549032,40.3587445, 18.1831246,81
4549032,40.3587734, 18.1831519,82
4549032,40.3588324, 18.1831804,83
4549032,40.3589015, 18.1831795,84
4549032,40.3589557, 18.1831528,85
4549032,40.3589902, 18.1831195,86
4549032,40.3590222, 18.1830675,87
4549032,40.3590424, 18.1830039,88
4549032,40.3590482, 18.1829458,89
4549032,40.3591382, 18.1827913,90
4549032,40.3591829, 18.1826841,91
4549032,40.3591943, 18.1826571,92
4549032,40.3592576, 18.1825283,93
4549032,40.3593371, 18.1823779,94
4549032,40.3594159, 18.1822589,95
4549032,40.3594822, 18.1821653,96
4549032,40.3595516, 18.1820844,97
4549032,40.3595766, 18.1820552,98
4549032,40.3597803, 18.1818688,99
4549032,40.3599243, 18.1817369,100
4549032,40.3600822, 18.1815972,101
4549032,40.3601545, 18.1815256,102
4549032,40.3602941, 18.1813606,103
4549032,40.3605359, 18.1810292,104
4549032,40.3605844, 18.1809556,105
4549032,40.3607728, 18.1806699,106
4549032,40.3611241, 18.1800625,107
4549032,40.3611963, 18.1799359,108
4549032,40.361474, 18.1794481,109
4549032,40.3617123, 18.1789999,110
4549032,40.361826, 18.1787237,111
4549032,40.3619329, 18.178421,112
4549032,40.3621984, 18.177553,113
4549032,40.3622919, 18.1771546,114
4549032,40.3623355, 18.1769635,115
4549032,40.3624314, 18.1766012,116
4549032,40.3624819, 18.176389,117
4549032,40.3627061, 18.175509,118
4549032,40.3627681, 18.1752659,119
4549032,40.3629125, 18.1745916,120
4549032,40.3629637, 18.1740218,121
4549032,40.3629609, 18.1736551,122
4549032,40.3629554, 18.1735005,123
4549032,40.3629217, 18.1732399,124
4549032,40.3628678, 18.1730342,125
4549032,40.362827, 18.1729223,126
4549032,40.3627326, 18.1727086,127
4549032,40.3624162, 18.1721998,128
4549032,40.3623125, 18.1720325,129
4549032,40.3622712, 18.1719726,130
4549032,40.3621284, 18.1717694,131
4549032,40.3613164, 18.1706144,132
4549032,40.3611553, 18.1703813,133
4549032,40.3611384, 18.1703569,134
4549032,40.361069, 18.1702204,135
4549032,40.3610401, 18.1700863,136
4549032,40.3610524, 18.1700162,137
4549032,40.3610444, 18.1699319,138
4549032,40.3610063, 18.1698359,139
4549032,40.3609341, 18.1697611,140
4549032,40.3608367, 18.1697348,141
4549032,40.3607616, 18.1697569,142
4549032,40.3606261, 18.1697052,143
4549032,40.3605169, 18.1696335,144
4549032,40.3602069, 18.1693562,145
4549032,40.3601523, 18.1693223,146
4549032,40.3600406, 18.1692523,147
4549032,40.3599243, 18.1691794,148
4549032,40.358086, 18.1680272,149
4549032,40.3576446, 18.1677625,150
4549032,40.3572094, 18.1675015,151
4549032,40.3571313, 18.1674546,152
4549032,40.3570745, 18.1674173,153
4549032,40.3570189, 18.167359,154
4549032,40.3570136, 18.1673042,155
4549032,40.3569925, 18.1672485,156
4549032,40.3569708, 18.1672182,157
4549032,40.3569491, 18.1671986,158
4549032,40.3569238, 18.1671844,159
4549032,40.3568896, 18.1671766,160
4549032,40.356855, 18.1671805,161
4549032,40.3560379, 18.1666697,162
4549032,40.3551462, 18.1661151,163
4549032,40.3550986, 18.1660861,164
4549032,40.354304, 18.165602,165
4549032,40.3536089, 18.1651766,166
4549032,40.3528796, 18.1647303,167
4549032,40.3521929, 18.1643121,168
4549032,40.3521045, 18.1642581,169
4549032,40.3517241, 18.1640257,170
4549032,40.3514692, 18.16387,171
4549032,40.3513948, 18.1638831,172
4549032,40.3513186, 18.1638599,173
4549032,40.3511103, 18.1637172,174
4549032,40.3510077, 18.1636437,175
4549032,40.3507776, 18.1633133,176
4549032,40.3506312, 18.1635125,177
4549032,40.3503185, 18.1640354,178
4549032,40.3494879, 18.1654246,179
4549032,40.3489968, 18.1662643,180
4549032,40.3486902, 18.1667632,181
4549032,40.3485805, 18.1669416,182
4549032,40.348214, 18.1675879,183
4549032,40.3481905, 18.1676295,184
4549032,40.3481583, 18.1676854,185
4549032,40.3472561, 18.1669164,186
4549032,40.3466347, 18.1664023,187
4549032,40.3462405, 18.1660522,188
4549032,40.3461687, 18.1659744,189
4549032,40.3461183, 18.1659278,190
4549032,40.3460713, 18.1659239,191
4549032,40.346025, 18.1659644,192
4549032,40.3459477, 18.1660964,193
4549032,40.3460529, 18.1661632,194
4549032,40.3461391, 18.1662269,195
4549032,40.3463513, 18.1664059,196
4549032,40.3465492, 18.1665729,197
4549032,40.3472357, 18.1671561,198
4549032,40.3479665, 18.1677809,199
4549032,40.3480489, 18.1678508,200
4549032,40.3480277, 18.1678824,201
4549032,40.348005, 18.1679164,202
4549032,40.3478287, 18.1682041,203
4549032,40.3475217, 18.1687116,204
4549032,40.3473191, 18.1690624,205
4549032,40.3472413, 18.1691972,206
4549032,40.3470664, 18.1695009,207
4549032,40.3470105, 18.1695918,208
4549032,40.3468957, 18.1697688,209
4549032,40.3467113, 18.1700528,210
4549032,40.346564, 18.1702797,211
4549032,40.3463713, 18.1705372,212
4549032,40.3463437, 18.170574,213
4549032,40.3463047, 18.170582,214
4549032,40.3462688, 18.1706037,215
4549032,40.3462285, 18.1706539,216
4549032,40.3462057, 18.1707204,217
4549032,40.3462019, 18.1707642,218
4549032,40.346206, 18.170808,219
4549032,40.3461832, 18.17089,220
4549032,40.3461587, 18.1709524,221
4549032,40.3461226, 18.1710314,222
4549032,40.3460629, 18.1711199,223
4549032,40.3457564, 18.1713516,224
4549032,40.345641, 18.1714343,225
4549032,40.3456283, 18.1714434,226
4549032,40.3454557, 18.171567,227
4549032,40.3450805, 18.1718323,228
4549032,40.3448928, 18.171965,229
4549032,40.344523, 18.1722197,230
4549032,40.3443966, 18.1723067,231
4549032,40.3440739, 18.172518,232
4549032,40.3439814, 18.1725779,233
4549032,40.3438509, 18.1726624,234
4549032,40.3436963, 18.1727624,235
4549032,40.3433815, 18.1729662,236
4549032,40.343154, 18.1731301,237
4549032,40.3430443, 18.1732232,238
4549032,40.342847, 18.173741,239
4549032,40.3428158, 18.1738652,240
4549032,40.342774, 18.1740313,241
4549032,40.3427464, 18.174141,242
4549032,40.3426707, 18.1745267,243
4549032,40.3425735, 18.1754616,244
4549032,40.3425662, 18.1756509,245
4549032,40.3425558, 18.1758525,246
4549032,40.342652, 18.1765461,247
4549032,40.342706, 18.176834,248
4549032,40.3427173, 18.1768939,249
4549032,40.3427446, 18.1770038,250
4549032,40.3428022, 18.1772359,251
4549032,40.3429051, 18.1775675,252
4549032,40.3429365, 18.1776662,253
4549032,40.3429665, 18.1777606,254
4665910,40.3465299, 18.2033103,1
4665910,40.3463666, 18.2030095,2
4665910,40.3460945, 18.2025674,3
4665910,40.3458594, 18.2022562,4
4665910,40.3456979, 18.2020658,5
4665910,40.3456202, 18.2019558,6
4665910,40.3455446, 18.201819,7
4665910,40.3454813, 18.2016903,8
4665910,40.3454337, 18.2015618,9
4665910,40.3453429, 18.2012909,10
4665910,40.3452775, 18.2011141,11
4665910,40.3452131, 18.2009224,12
4665910,40.3451624, 18.2007139,13
4665910,40.3451454, 18.2003867,14
4665910,40.3451976, 18.2003306,15
4665910,40.3452336, 18.2002483,16
4665910,40.3452411, 18.2002116,17
4665910,40.3452443, 18.2001564,18
4665910,40.3452278, 18.2000618,19
4665910,40.3452415, 18.1999793,20
4665910,40.3452865, 18.1998398,21
4665910,40.3453382, 18.1997752,22
4665910,40.3453854, 18.1996883,23
4665910,40.3454132, 18.1995837,24
4665910,40.3454241, 18.1994748,25
4665910,40.3454152, 18.1992499,26
4665910,40.3453466, 18.1979255,27
4665910,40.3452797, 18.1965882,28
4665910,40.3452084, 18.1951623,29
4665910,40.3451909, 18.1947193,30
4665910,40.3451867, 18.1945254,31
4665910,40.3451851, 18.1944492,32
4665910,40.3451818, 18.1942015,33
4665910,40.3451837, 18.1939651,34
4665910,40.3451844, 18.1939169,35
4665910,40.3452035, 18.1936261,36
4665910,40.345208, 18.1935474,37
4665910,40.3452491, 18.1930647,38
4665910,40.3452938, 18.1928183,39
4665910,40.345364, 18.1925557,40
4665910,40.3454438, 18.1922989,41
4665910,40.3454692, 18.1922163,42
4665910,40.3456251, 18.1917545,43
4665910,40.346134, 18.1903248,44
4665910,40.346153, 18.1902735,45
4665910,40.3461758, 18.1902086,46
4665910,40.3462207, 18.1900775,47
4665910,40.3463115, 18.1898045,48
4665910,40.3463399, 18.1897151,49
4665910,40.3464505, 18.1893719,50
4665910,40.3464896, 18.1892509,51
4665910,40.3465263, 18.1891215,52
4665910,40.3466817, 18.1886176,53
4665910,40.3466987, 18.1885626,54
4665910,40.3467917, 18.1882567,55
4665910,40.3468027, 18.1882206,56
4665910,40.346815, 18.1881793,57
4665910,40.3468885, 18.1879378,58
4665910,40.3469028, 18.1878847,59
4665910,40.3469251, 18.1878151,60
4665910,40.3470421, 18.1874363,61
4665910,40.3470518, 18.1874054,62
4665910,40.3472016, 18.1869319,63
4665910,40.3472238, 18.1868652,64
4665910,40.3472772, 18.186693,65
4665910,40.3472909, 18.1866498,66
4665910,40.3473082, 18.1865951,67
4665910,40.3474926, 18.1860148,68
4665910,40.34751, 18.1859534,69
4665910,40.3475509, 18.1858088,70
4665910,40.3476863, 18.1853144,71
4665910,40.3477093, 18.1852304,72
4665910,40.3477183, 18.1852029,73
4665910,40.3477795, 18.1849487,74
4665910,40.3477919, 18.1848961,75
4665910,40.3478132, 18.1848127,76
4665910,40.3478392, 18.1847044,77
4665910,40.3477608, 18.1846586,78
4665910,40.3477103, 18.1846257,79
4665910,40.3476742, 18.1846022,80
4665910,40.3475943, 18.1845402,81
4665910,40.3462901, 18.1833499,82
4665910,40.3462163, 18.1830532,83
4665910,40.3462034, 18.1829702,84
4665910,40.3462032, 18.1828475,85
4665910,40.346345, 18.1824295,86
4665910,40.3464084, 18.1822428,87
4665910,40.346727, 18.1812826,88
4665910,40.3470372, 18.1803025,89
4665910,40.3470449, 18.1802558,90
4665910,40.3470464, 18.1802063,91
4665910,40.3470493, 18.1801437,92
4665910,40.3470746, 18.1800695,93
4665910,40.3471536, 18.1798376,94
4665910,40.3472484, 18.1795593,95
4665910,40.3473746, 18.1791848,96
4665910,40.3474088, 18.1791866,97
4665910,40.3474554, 18.1791682,98
4665910,40.3474905, 18.1791317,99
4665910,40.3475136, 18.179081,100
4665910,40.3475214, 18.179015,101
4665910,40.3475154, 18.1789727,102
4665910,40.3474908, 18.178916,103
4665910,40.3474443, 18.1788721,104
4665910,40.3476416, 18.1782869,105
4665910,40.3478562, 18.1776505,106
4665910,40.3481501, 18.1767788,107
4665910,40.3485906, 18.1754722,108
4665910,40.3490405, 18.1741378,109
4665910,40.3492459, 18.1744027,110
4665910,40.3496767, 18.174958,111
4665910,40.3501264, 18.1755644,112
4665910,40.3503453, 18.1758412,113
4665910,40.3508831, 18.1765131,114
4665910,40.3509716, 18.1766068,115
4665910,40.3510261, 18.1766549,116
4665910,40.351086, 18.1767014,117
4665910,40.3511448, 18.1767338,118
4665910,40.3512071, 18.176761,119
4665910,40.3512601, 18.176781,120
4665910,40.3513179, 18.1767907,121
4665910,40.351391, 18.1767948,122
4665910,40.3516921, 18.1767708,123
4665910,40.3517992, 18.1767562,124
4665910,40.3520249, 18.1767254,125
4665910,40.3520835, 18.1767174,126
4665910,40.3524646, 18.1766654,127
4665910,40.3530369, 18.1765749,128
4665910,40.3535939, 18.1765048,129
4665910,40.3536315, 18.1765001,130
4665910,40.3543106, 18.1764372,131
4665910,40.3543638, 18.1764323,132
4665910,40.3544619, 18.1764221,133
4665910,40.3546192, 18.1763872,134
4665910,40.3551616, 18.1763118,135
4665910,40.3552718, 18.1762965,136
4665910,40.3553764, 18.1762809,137
4665910,40.3555495, 18.1762597,138
4665910,40.3557054, 18.1762301,139
4665910,40.3558041, 18.176182,140
4665910,40.3558866, 18.1760995,141
4665910,40.3559637, 18.1759448,142
4665910,40.3560273, 18.1757448,143
4665910,40.3560768, 18.1754653,144
4665910,40.3561088, 18.1752464,145
4665910,40.3561375, 18.1750279,146
4665910,40.3561464, 18.1749602,147
4665910,40.3561769, 18.1747873,148
4665910,40.3562001, 18.1746573,149
4665910,40.3561961, 18.174589,150
4665910,40.356169, 18.1745108,151
4665910,40.3561227, 18.1744221,152
4665910,40.3560333, 18.1742537,153
4665910,40.3559912, 18.1741743,154
4665910,40.3559779, 18.1740861,155
4665910,40.3559395, 18.1740105,156
4665910,40.3557451, 18.173734,157
4665910,40.3550696, 18.173808,158
4665910,40.354882, 18.173832,159
4665910,40.3544845, 18.1738828,160
4665910,40.3542188, 18.1739174,161
4665910,40.3541726, 18.1739229,162
4665910,40.3541264, 18.1739302,163
4665910,40.3534625, 18.1740349,164
4665910,40.352848, 18.1740952,165
4665910,40.3526629, 18.1741257,166
4665910,40.3524505, 18.1741225,167
4665910,40.3522119, 18.1740309,168
4665996,40.3522119, 18.1740309,1
4665996,40.3520155, 18.1739448,2
4665996,40.3518866, 18.1739487,3
4665996,40.3518089, 18.1739779,4
4665996,40.3515976, 18.1747009,5
4665996,40.3515118, 18.174742,6
4665996,40.3514727, 18.1747483,7
4665996,40.3514213, 18.1747567,8
4665996,40.3513283, 18.174727,9
4665996,40.3512284, 18.1746616,10
4665996,40.3511096, 18.1745693,11
4665996,40.3510478, 18.1745111,12
4665996,40.3509952, 18.1744616,13
4665996,40.3507458, 18.1742359,14
4665996,40.3505034, 18.1740495,15
4665996,40.3504712, 18.1740247,16
4665996,40.350297, 18.1738784,17
4665996,40.3502469, 18.1738363,18
4665996,40.3498556, 18.1734962,19
4665996,40.3494879, 18.1731771,20
4665996,40.3494612, 18.173154,21
4665996,40.3493768, 18.1730807,22
4665996,40.3493473, 18.173172,23
4665996,40.3492025, 18.1736192,24
4665996,40.3490405, 18.1741378,25
4665996,40.3485906, 18.1754722,26
4665996,40.3481501, 18.1767788,27
4665996,40.3478562, 18.1776505,28
4665996,40.3476416, 18.1782869,29
4665996,40.3474443, 18.1788721,30
4665996,40.3473964, 18.1788598,31
4665996,40.3473624, 18.1788661,32
4665996,40.3473395, 18.178878,33
4665996,40.3472976, 18.1789239,34
4665996,40.3472731, 18.1790005,35
4665996,40.3472815, 18.1790866,36
4665996,40.3473158, 18.1791483,37
4665996,40.3472197, 18.1794296,38
4665996,40.3471652, 18.1795917,39
4665996,40.3470927, 18.1798019,40
4665996,40.3470128, 18.1800334,41
4665996,40.3469872, 18.1801077,42
4665996,40.346989, 18.1801465,43
4665996,40.3469862, 18.1801943,44
4665996,40.3469788, 18.1802382,45
4665996,40.3466465, 18.1812371,46
4665996,40.3461486, 18.1827255,47
4665996,40.346054, 18.1830082,48
4665996,40.3460268, 18.1830897,49
4665996,40.3460248, 18.183169,50
4665996,40.3460344, 18.1832101,51
4665996,40.3460473, 18.1832656,52
4665996,40.3461138, 18.1833747,53
4665996,40.3462471, 18.1834883,54
4665996,40.3465925, 18.1837966,55
4665996,40.3468163, 18.1839941,56
4665996,40.3469518, 18.1841105,57
4665996,40.3470368, 18.1841904,58
4665996,40.3472947, 18.1844107,59
4665996,40.3475265, 18.184618,60
4665996,40.3476122, 18.1846914,61
4665996,40.3476646, 18.1847292,62
4665996,40.3476921, 18.1847491,63
4665996,40.3478132, 18.1848127,64
4665996,40.3479588, 18.1848826,65
4665996,40.348079, 18.1849404,66
4665996,40.3487083, 18.1852388,67
4665996,40.349302, 18.1855105,68
4665996,40.3496861, 18.1856552,69
4665996,40.3498485, 18.1856927,70
4665996,40.3501096, 18.1857389,71
4665996,40.3504235, 18.1857953,72
4665996,40.3507201, 18.1858426,73
4665996,40.3508725, 18.1858638,74
4665996,40.3509074, 18.1858691,75
4665996,40.3509627, 18.1860009,76
4665996,40.3510346, 18.1861754,77
4665996,40.3513341, 18.1868077,78
4665996,40.3513849, 18.1869226,79
4665996,40.3514546, 18.187106,80
4665996,40.351812, 18.1882737,81
4665996,40.3519712, 18.1888504,82
4665996,40.3519968, 18.1889585,83
4665996,40.35232, 18.1904476,84
4665996,40.3523513, 18.1905058,85
4665996,40.3524006, 18.1905579,86
4665996,40.3524618, 18.1906649,87
4665996,40.3524973, 18.1907141,88
4665996,40.3525004, 18.1907853,89
4665996,40.3525328, 18.1908492,90
4665996,40.3525845, 18.1908812,91
4665996,40.3526379, 18.1908756,92
4665996,40.3526815, 18.1908385,93
4665996,40.3528989, 18.1908791,94
4665996,40.3535002, 18.1910261,95
4665996,40.3536167, 18.1910575,96
4665996,40.3537297, 18.1910849,97
4665996,40.3538156, 18.191091,98
4665996,40.3538674, 18.1911077,99
4665996,40.3539352, 18.1910938,100
4665996,40.3539828, 18.1910547,101
4665996,40.3540614, 18.191101,102
4665996,40.3542363, 18.1911342,103
4665996,40.3543963, 18.1911576,104
4665996,40.3551032, 18.1912967,105
4665996,40.3553652, 18.1913873,106
4665996,40.3554401, 18.1914317,107
4665996,40.3554943, 18.1914904,108
4665996,40.3555207, 18.1915338,109
4665996,40.3555522, 18.1915632,110
4665996,40.3555937, 18.1916742,111
4665996,40.3556596, 18.192093,112
4665996,40.3556667, 18.192189,113
4665996,40.3558157, 18.1942219,114
4665996,40.3558458, 18.1946077,115
4665996,40.3550496, 18.1947481,116
4665996,40.3546944, 18.1948107,117
4665996,40.3538169, 18.1949654,118
4665996,40.3537354, 18.194979,119
4665996,40.3518318, 18.1952866,120
4665996,40.3514046, 18.1953585,121
4665996,40.3513524, 18.1954025,122
4665996,40.3513221, 18.1954756,123
4665996,40.3513189, 18.195559,124
4665996,40.3513705, 18.1957982,125
4665996,40.3514852, 18.1963292,126
4665996,40.3515098, 18.196443,127
4665996,40.351735, 18.1974862,128
4665996,40.351806, 18.1979854,129
4665996,40.352017, 18.1992532,130
4665996,40.3520552, 18.1996372,131
4665996,40.3520652, 18.1999624,132
4665996,40.3520586, 18.2003479,133
4665996,40.3520345, 18.200929,134
4665996,40.3519243, 18.2022977,135
4665996,40.351912, 18.2025236,136
4665996,40.3518889, 18.2026275,137
4665996,40.3518547, 18.2027148,138
4665996,40.3517093, 18.2029812,139
4665996,40.351668, 18.203063,140
4665996,40.3516445, 18.2030994,141
4665996,40.351624, 18.2031602,142
4665996,40.3516224, 18.2032121,143
4665996,40.3516388, 18.20326,144
4665996,40.3516622, 18.2032944,145
4665996,40.3517093, 18.2033754,146
4665996,40.3517929, 18.2035648,147
4665996,40.3518386, 18.2036616,148
4665996,40.3518593, 18.2037161,149
4665996,40.3518861, 18.2038033,150
4665996,40.3518767, 18.2058904,151
4665996,40.3518749, 18.2062976,152
4665996,40.3518287, 18.2063759,153
4665996,40.3518031, 18.2069071,154
4665996,40.3517912, 18.2069919,155
4665996,40.3517596, 18.2070801,156
4665996,40.3517111, 18.2071521,157
4665996,40.3516542, 18.2072138,158
4665996,40.351424, 18.2074087,159
4665996,40.3509523, 18.2077844,160
4665996,40.3507881, 18.2078961,161
4665996,40.3506951, 18.2079412,162
4665996,40.3505938, 18.207967,163
4665996,40.3505, 18.207979,164
4665996,40.3503918, 18.2079757,165
4665996,40.3502704, 18.2079577,166
4665996,40.3501408, 18.2079148,167
4665996,40.3500532, 18.2078832,168
4665996,40.3495728, 18.2075238,169
4665996,40.349482, 18.2075006,170
4665996,40.3479191, 18.2062762,171
4665996,40.3478875, 18.2062094,172
4665996,40.3473761, 18.2057887,173
4665996,40.3473127, 18.2057163,174
4665996,40.3472641, 18.2056381,175
4665996,40.3472207, 18.2055446,176
4665996,40.3471721, 18.2054047,177
4665996,40.347096, 18.2050377,178
4665996,40.3470183, 18.2046514,179
4665996,40.346957, 18.2044235,180
4665996,40.346865, 18.2041016,181
4665996,40.3467362, 18.203761,182
4665996,40.3465781, 18.2034155,183
4665996,40.3465299, 18.2033103,184
4666299,40.3517992, 18.1767562,1
4666299,40.3520249, 18.1767254,2
4666299,40.3520835, 18.1767174,3
4666299,40.3524646, 18.1766654,4
4666299,40.3530369, 18.1765749,5
4666299,40.3535939, 18.1765048,6
4666299,40.3536315, 18.1765001,7
4666299,40.3543106, 18.1764372,8
4666299,40.3543638, 18.1764323,9
4666299,40.3544619, 18.1764221,10
4666299,40.3546192, 18.1763872,11
4666299,40.3551616, 18.1763118,12
4666299,40.3552718, 18.1762965,13
4666299,40.3553764, 18.1762809,14
4666299,40.3555495, 18.1762597,15
4666299,40.3557054, 18.1762301,16
4666299,40.3558041, 18.176182,17
4666299,40.3558866, 18.1760995,18
4666299,40.3559637, 18.1759448,19
4666299,40.3560273, 18.1757448,20
4666299,40.3560768, 18.1754653,21
4666299,40.3561088, 18.1752464,22
4666299,40.3561375, 18.1750279,23
4666299,40.3561464, 18.1749602,24
4666299,40.3561769, 18.1747873,25
4666299,40.3562001, 18.1746573,26
4666299,40.3562337, 18.1745788,27
4666299,40.356276, 18.1745166,28
4666299,40.3563267, 18.1744597,29
4666299,40.3566584, 18.1742729,30
4666299,40.3567488, 18.1742206,31
4666299,40.3572454, 18.1739268,32
4666299,40.3580126, 18.1735126,33
4666299,40.3585887, 18.1731893,34
4666299,40.3587164, 18.1731067,35
4666299,40.3588373, 18.1730285,36
4666299,40.3588741, 18.1730052,37
4666299,40.3589078, 18.1729841,38
4666299,40.3589657, 18.1729429,39
4666299,40.3591437, 18.1728161,40
4666299,40.359477, 18.1724385,41
4666299,40.3596077, 18.1722598,42
4666299,40.3596311, 18.1722279,43
4666299,40.3597166, 18.172111,44
4666299,40.3597476, 18.1720686,45
4666299,40.3597754, 18.1720391,46
4666299,40.3598689, 18.1719398,47
4666299,40.3600785, 18.1716377,48
4666299,40.360153, 18.1715305,49
4666299,40.3602987, 18.1713187,50
4666299,40.3604261, 18.1711391,51
4666299,40.3605239, 18.171,52
4666299,40.3606046, 18.17086,53
4666299,40.360646, 18.1707527,54
4666299,40.3606857, 18.1705594,55
4666299,40.3607128, 18.1704375,56
4666299,40.3607661, 18.1703289,57
4666299,40.3608491, 18.1702801,58
4666299,40.3608875, 18.1702743,59
4666299,40.3609645, 18.1703069,60
4666299,40.3610301, 18.1703701,61
4666299,40.3611002, 18.1704549,62
4666299,40.3611604, 18.1705278,63
4666299,40.3611887, 18.1705696,64
4666299,40.3613125, 18.1707524,65
4666299,40.3615032, 18.1710307,66
4666299,40.3620582, 18.1718443,67
4666299,40.3621998, 18.1720519,68
4666299,40.3622712, 18.1719726,69
4666299,40.3623821, 18.1719005,70
4666299,40.3625299, 18.1718901,71
4666299,40.3626269, 18.1718892,72
4666299,40.3630028, 18.1718829,73
4666299,40.3633413, 18.1718773,74
4666299,40.3635419, 18.1723275,75
4666299,40.3636436, 18.172454,76
4666299,40.364053, 18.1727903,77
4666299,40.3646744, 18.1733009,78
4666299,40.3650195, 18.173588,79
4666299,40.3653423, 18.1739335,80
4666299,40.3654104, 18.1739959,81
4666299,40.3655487, 18.1741227,82
4666299,40.3656016, 18.174239,83
4666299,40.3656241, 18.1743571,84
4666299,40.3656125, 18.1745672,85
4666299,40.3655982, 18.1746533,86
4666299,40.3655754, 18.1747221,87
4666299,40.3655089, 18.1747579,88
4666299,40.3654747, 18.1747762,89
4666299,40.3652872, 18.1748922,90
4666299,40.3646811, 18.1752534,91
4666299,40.364567, 18.1753213,92
4666299,40.3644831, 18.1753845,93
4666299,40.3644088, 18.1754975,94
4666299,40.3642279, 18.1759112,95
4666299,40.3641819, 18.1760142,96
4666299,40.364128, 18.1761352,97
4666299,40.3641071, 18.176181,98
4666299,40.3640316, 18.1763464,99
4666299,40.3639495, 18.1764228,100
4666299,40.3639015, 18.1765409,101
4666299,40.3638632, 18.1766325,102
4666299,40.3636922, 18.1766075,103
4666299,40.3633569, 18.176553,104
4666299,40.3631854, 18.1765343,105
4666299,40.3630566, 18.1765387,106
4666299,40.3624314, 18.1766012,107
4666299,40.3623271, 18.1766345,108
4666299,40.3622116, 18.1771177,109
4666299,40.3621771, 18.1772576,110
4666299,40.3621068, 18.1775424,111
4666299,40.3619073, 18.1782241,112
4666299,40.3618032, 18.1785158,113
4666299,40.3616773, 18.1788215,114
4666299,40.3614635, 18.1792668,115
4666299,40.3613314, 18.1795136,116
4666299,40.3611256, 18.1798727,117
4666299,40.3610538, 18.1799982,118
4666299,40.3611241, 18.1800625,119
4666299,40.3617953, 18.1807309,120
4666299,40.3620933, 18.1810276,121
4666299,40.3621827, 18.1811166,122
4666299,40.3623431, 18.1812764,123
4666299,40.3634069, 18.1823703,124
4666299,40.3633408, 18.1824794,125
4666299,40.363216, 18.1826854,126
4666299,40.3627642, 18.183431,127
4666299,40.3630972, 18.1838358,128
4666299,40.3637514, 18.1845954,129
4666299,40.3642136, 18.185075,130
4666299,40.3642853, 18.1851506,131
4666299,40.3643635, 18.185233,132
4666299,40.3647291, 18.1856605,133
4666299,40.3650074, 18.1859918,134
4666299,40.3651768, 18.186169,135
4666299,40.3652407, 18.186236,136
4666299,40.3657483, 18.1867626,137
4666299,40.3658566, 18.186875,138
4666299,40.3660503, 18.1870759,139
4666299,40.3661325, 18.1869292,140
4666299,40.366659, 18.1860144,141
4666299,40.3673375, 18.1848463,142
4666299,40.3676827, 18.1842575,143
4666299,40.3681719, 18.1834228,144
4666299,40.36842, 18.1831383,145
4666299,40.3685946, 18.1829161,146
4666299,40.3692841, 18.1817689,147
4666299,40.3696068, 18.181232,148
4666299,40.3698515, 18.180824,149
4666299,40.369997, 18.180515,150
4666299,40.3701068, 18.1802094,151
4666299,40.3702562, 18.1797337,152
4666299,40.3704229, 18.1793274,153
4666299,40.370579, 18.1790219,154
4666299,40.3707034, 18.1788397,155
4666299,40.3709615, 18.1785057,156
4666299,40.3712259, 18.1782241,157
4666299,40.3716028, 18.1775355,158
4666299,40.3726293, 18.1756598,159
4666299,40.3735368, 18.1740014,160
4666299,40.3740686, 18.1730298,161
4666299,40.3745209, 18.1734253,162
4666299,40.3750314, 18.1739196,163
4666299,40.3750724, 18.1739644,164
4666299,40.375126, 18.1738521,165
4666299,40.3752514, 18.1711388,166
4666299,40.3753279, 18.169485,167
4666299,40.3759905, 18.169409,168
4666299,40.3760794, 18.1693997,169
4666299,40.3768037, 18.1693244,170
4666299,40.3779248, 18.1691886,171
4666299,40.379463, 18.168783,172
4666299,40.3797467, 18.1687675,173
4666299,40.3803963, 18.1687464,174
4666299,40.3809812, 18.1687398,175
4666299,40.3814957, 18.1687264,176
4666299,40.3816755, 18.1687187,177
4666299,40.3817365, 18.1687161,178
4666299,40.3832715, 18.1686947,179
4666299,40.3837282, 18.1686888,180
4666299,40.3844006, 18.1686737,181
4666299,40.3846784, 18.1686675,182
4666299,40.3847165, 18.1686095,183
4666299,40.3847329, 18.1685234,184
4666299,40.3847328, 18.1684376,185
4666299,40.3847117, 18.1683548,186
4666299,40.3846984, 18.1682281,187
4666299,40.3847931, 18.1670093,188
4666299,40.3848515, 18.1667944,189
4666299,40.3849577, 18.1666281,190
4666299,40.3850967, 18.1665101,191
4666299,40.3852397, 18.1663921,192
4666299,40.3853418, 18.1662204,193
4666299,40.3853786, 18.1660059,194
4666299,40.3854427, 18.1659149,195
4666299,40.3855653, 18.1657808,196
4666299,40.3857092, 18.1656805,197
4666299,40.3859553, 18.1655884,198
4666299,40.3860805, 18.1655445,199
4666299,40.3869688, 18.165223,200
4666299,40.3873049, 18.1651106,201
4666299,40.3875923, 18.1650099,202
4666299,40.3878579, 18.1649042,203
4666299,40.3881614, 18.164774,204
4666299,40.3885089, 18.1646339,205
4666299,40.3889781, 18.1644355,206
4666299,40.3891246, 18.1643553,207
4666299,40.3891884, 18.1643277,208
4666299,40.3893768, 18.1642248,209
4666299,40.3895475, 18.1641145,210
4666299,40.3897182, 18.1639813,211
4666299,40.3898916, 18.1638381,212
4666299,40.390149, 18.1636066,213
4666299,40.3902008, 18.1635733,214
4666299,40.39026, 18.1635465,215
4666299,40.3903192, 18.1635356,216
4666299,40.390401, 18.1635304,217
4666299,40.3904643, 18.1635492,218
4666299,40.3905487, 18.1635903,219
4666299,40.3906153, 18.1636254,220
4666299,40.3906338, 18.1636992,221
4666299,40.3906458, 18.1637751,222
4666299,40.3906542, 18.1638521,223
4666299,40.3906521, 18.1639541,224
4666299,40.39064, 18.1640561,225
4666299,40.3906073, 18.16415,226
4666299,40.3905643, 18.1642062,227
4666299,40.3905195, 18.1642519,228
4666299,40.3904541, 18.1643002,229
4666299,40.3903886, 18.1643269,230
4666299,40.3903172, 18.1643324,231
4666299,40.3897637, 18.1643458,232
4666299,40.3896779, 18.1643619,233
4666299,40.3895676, 18.1644021,234
4666299,40.3894959, 18.1644422,235
4666299,40.3894266, 18.1645014,236
4666299,40.3893712, 18.164571,237
4666299,40.38931, 18.1646648,238
4666299,40.3889445, 18.1653114,239
4666299,40.3888973, 18.1653917,240
4666299,40.3888811, 18.1654723,241
4666299,40.3888769, 18.16555,242
4666299,40.3888952, 18.1656358,243
4666299,40.388932, 18.1657136,244
4666299,40.3889892, 18.1657753,245
4666299,40.3893992, 18.166092,246
4666300,40.3893992, 18.166092,1
4666300,40.3901271, 18.1666363,2
4666300,40.3907298, 18.1670788,3
4666300,40.3915648, 18.1676571,4
4666300,40.3912535, 18.1697861,5
4666300,40.3908722, 18.1697982,6
4666300,40.3903121, 18.1698615,7
4666300,40.3897408, 18.169926,8
4666300,40.3894593, 18.1699319,9
4666300,40.3892311, 18.1699065,10
4666300,40.3889858, 18.1698482,11
4666300,40.388947, 18.1698326,12
4666300,40.3887442, 18.1697511,13
4666300,40.3885264, 18.1696188,14
4666300,40.3880808, 18.1693174,15
4666300,40.3879269, 18.1692187,16
4666300,40.3877801, 18.169111,17
4666300,40.3875236, 18.1689034,18
4666300,40.3874068, 18.168807,19
4666300,40.3872777, 18.1687301,20
4666300,40.387099, 18.1686663,21
4666300,40.3869041, 18.1686344,22
4666300,40.3867259, 18.1686215,23
4666300,40.3866759, 18.1686215,24
4666300,40.386524, 18.1686216,25
4666300,40.3854466, 18.1686447,26
4666300,40.3853349, 18.1686471,27
4666300,40.3851151, 18.1686518,28
4666300,40.3849687, 18.1686569,29
4666300,40.3846784, 18.1686675,30
4666300,40.3844006, 18.1686737,31
4666300,40.3837282, 18.1686888,32
4666300,40.3832715, 18.1686947,33
4666300,40.3817365, 18.1687161,34
4666300,40.3816755, 18.1687187,35
4666300,40.3814957, 18.1687264,36
4666300,40.3809812, 18.1687398,37
4666300,40.3803963, 18.1687464,38
4666300,40.3797467, 18.1687675,39
4666300,40.379463, 18.168783,40
4666300,40.3779248, 18.1691886,41
4666300,40.3768037, 18.1693244,42
4666300,40.3760794, 18.1693997,43
4666300,40.3759905, 18.169409,44
4666300,40.3753279, 18.169485,45
4666300,40.3747765, 18.1695022,46
4666300,40.3744643, 18.1694672,47
4666300,40.3741313, 18.1694018,48
4666300,40.3729194, 18.1691639,49
4666300,40.3721906, 18.1690201,50
4666300,40.3705409, 18.1686947,51
4666300,40.3701193, 18.1686428,52
4666300,40.3697196, 18.1686084,53
4666300,40.3695203, 18.1686084,54
4666300,40.3689618, 18.1686377,55
4666300,40.3687913, 18.168649,56
4666300,40.3687048, 18.1686547,57
4666300,40.3686747, 18.1686591,58
4666300,40.3680113, 18.1687553,59
4666300,40.3672257, 18.1688537,60
4666300,40.366754, 18.1689474,61
4666300,40.3664174, 18.1690744,62
4666300,40.3662418, 18.1691383,63
4666300,40.3660409, 18.1692065,64
4666300,40.3661652, 18.1693211,65
4666300,40.3662782, 18.1694735,66
4666300,40.3664265, 18.1697993,67
4666300,40.3664413, 18.1698557,68
4666300,40.3664556, 18.1699104,69
4666300,40.3664874, 18.1701633,70
4666300,40.3665005, 18.1703685,71
4666300,40.3664818, 18.1706224,72
4666300,40.366435, 18.1708532,73
4666300,40.3662684, 18.1714075,74
4666300,40.3660777, 18.1720358,75
4666300,40.3657183, 18.1724154,76
4666300,40.3654424, 18.1729016,77
4666300,40.3654027, 18.1729747,78
4666300,40.3653559, 18.1731129,79
4666300,40.3652925, 18.1732269,80
4666300,40.3652281, 18.1733426,81
4666300,40.365126, 18.1735289,82
4666300,40.3650276, 18.1734795,83
4666300,40.3647027, 18.1732172,84
4666300,40.3640892, 18.1727114,85
4666300,40.3636785, 18.1723728,86
4666300,40.3635911, 18.17227,87
4666300,40.3634046, 18.1718285,88
4666300,40.3633413, 18.1718773,89
4666300,40.3630028, 18.1718829,90
4666300,40.3626269, 18.1718892,91
4666300,40.3625299, 18.1718901,92
4666300,40.3623821, 18.1719005,93
4666300,40.3622712, 18.1719726,94
4666300,40.3621284, 18.1717694,95
4666300,40.3613164, 18.1706144,96
4666300,40.3611553, 18.1703813,97
4666300,40.3611384, 18.1703569,98
4666300,40.361132, 18.1702286,99
4666300,40.3611355, 18.1700943,100
4666300,40.3611497, 18.17001,101
4666300,40.3611934, 18.1699104,102
4666300,40.3612538, 18.1698227,103
4666300,40.3612679, 18.1698024,104
4666300,40.3613322, 18.169708,105
4666300,40.3614221, 18.1695182,106
4666300,40.3616901, 18.1691295,107
4666300,40.3620234, 18.1686511,108
4666300,40.36224, 18.1683401,109
4666300,40.3623531, 18.1681867,110
4666300,40.3625114, 18.1680912,111
4666300,40.3626124, 18.1680569,112
4666300,40.3627121, 18.1680662,113
4666300,40.362832, 18.1680167,114
4666300,40.3629096, 18.1679345,115
4666300,40.3629586, 18.1678355,116
4666300,40.3629822, 18.1677317,117
4666300,40.3629853, 18.1676506,118
4666300,40.3629699, 18.1675443,119
4666300,40.3629252, 18.1674329,120
4666300,40.3628488, 18.1673389,121
4666300,40.3627462, 18.167283,122
4666300,40.3626438, 18.1672777,123
4666300,40.3625757, 18.1673003,124
4666300,40.3624975, 18.1673581,125
4666300,40.3624324, 18.1674498,126
4666300,40.3623908, 18.1675706,127
4666300,40.3623811, 18.1676795,128
4666300,40.362392, 18.1677775,129
4666300,40.3623732, 18.167896,130
4666300,40.3623461, 18.1680053,131
4666300,40.3623171, 18.1680899,132
4666300,40.3622637, 18.1681647,133
4666300,40.3621673, 18.1683089,134
4666300,40.3617622, 18.1688745,135
4666300,40.3616555, 18.1690234,136
4666300,40.3615407, 18.1691906,137
4666300,40.3614101, 18.1693806,138
4666300,40.3612784, 18.1695387,139
4666300,40.3611977, 18.1696167,140
4666300,40.3611694, 18.1696396,141
4666300,40.3610751, 18.1697023,142
4666300,40.3610109, 18.1697325,143
4666300,40.3609341, 18.1697611,144
4666300,40.3608367, 18.1697348,145
4666300,40.3607616, 18.1697569,146
4666300,40.3606871, 18.1698293,147
4666300,40.3606502, 18.1699109,148
4666300,40.360637, 18.1699951,149
4666300,40.3606488, 18.1700987,150
4666300,40.3606685, 18.1702665,151
4666300,40.3606179, 18.1705451,152
4666300,40.360602, 18.1706475,153
4666300,40.3605814, 18.1707352,154
4666300,40.3605403, 18.1708381,155
4666300,40.3604927, 18.1709309,156
4666300,40.3604169, 18.1710405,157
4666300,40.3602896, 18.1712303,158
4666300,40.360116, 18.1714858,159
4666300,40.3600205, 18.171625,160
4666300,40.3599863, 18.1716749,161
4666300,40.359837, 18.1719111,162
4666300,40.3597691, 18.1720308,163
4666300,40.3597476, 18.1720686,164
4666300,40.3597166, 18.172111,165
4666300,40.3596311, 18.1722279,166
4666300,40.3596077, 18.1722598,167
4666300,40.359477, 18.1724385,168
4666300,40.3591437, 18.1728161,169
4666300,40.3589657, 18.1729429,170
4666300,40.3589078, 18.1729841,171
4666300,40.3588741, 18.1730052,172
4666300,40.3588373, 18.1730285,173
4666300,40.3587164, 18.1731067,174
4666300,40.3585887, 18.1731893,175
4666300,40.3580126, 18.1735126,176
4666300,40.3572454, 18.1739268,177
4666300,40.3567488, 18.1742206,178
4666300,40.3566584, 18.1742729,179
4666300,40.3563267, 18.1744597,180
4666300,40.3562648, 18.1744589,181
4666300,40.3561966, 18.1744487,182
4666300,40.3561227, 18.1744221,183
4666300,40.3560333, 18.1742537,184
4666300,40.3559912, 18.1741743,185
4666300,40.3559779, 18.1740861,186
4666300,40.3559395, 18.1740105,187
4666300,40.3557451, 18.173734,188
4666300,40.3550696, 18.173808,189
4666300,40.354882, 18.173832,190
4666300,40.3544845, 18.1738828,191
4666300,40.3542188, 18.1739174,192
4666300,40.3541726, 18.1739229,193
4666300,40.3541264, 18.1739302,194
4666300,40.3534625, 18.1740349,195
4666300,40.352848, 18.1740952,196
4666300,40.3526629, 18.1741257,197
4666300,40.3524505, 18.1741225,198
4666300,40.3522119, 18.1740309,199
4666300,40.3520155, 18.1739448,200
4666300,40.3518866, 18.1739487,201
4666300,40.3518089, 18.1739779,202
4666300,40.3515976, 18.1747009,203
4666300,40.3515172, 18.1749999,204
4666300,40.3512993, 18.1758103,205
4666300,40.3511597, 18.1763768,206
4666300,40.351143, 18.1764535,207
4666300,40.3511328, 18.1765251,208
4666300,40.3511298, 18.1765725,209
4666300,40.3511332, 18.1766218,210
4666300,40.3511459, 18.1766752,211
4666300,40.3511721, 18.1767187,212
4666300,40.3512071, 18.176761,213
4666300,40.3512601, 18.176781,214
4666300,40.3513179, 18.1767907,215
4666300,40.351391, 18.1767948,216
4666300,40.3516921, 18.1767708,217
4666300,40.3517992, 18.1767562,218
4666342,40.3236226, 18.1834574,1
4666342,40.323644, 18.1836527,2
4666342,40.3238064, 18.1835826,3
4666342,40.324025, 18.1834946,4
4666342,40.3245504, 18.1832832,5
4666342,40.3248766, 18.1831459,6
4666342,40.3254792, 18.1828873,7
4666342,40.3259051, 18.1827109,8
4666342,40.3262079, 18.1825868,9
4666342,40.3267595, 18.182346,10
4666342,40.3268829, 18.1822921,11
4666342,40.3272238, 18.1821433,12
4666342,40.3281618, 18.1817563,13
4666342,40.3285228, 18.1815931,14
4666342,40.3287655, 18.1814852,15
4666342,40.3291785, 18.1813165,16
4666342,40.3293182, 18.1812594,17
4666342,40.3296774, 18.1811137,18
4666342,40.3297381, 18.1811208,19
4666342,40.3297912, 18.1811414,20
4666342,40.3298361, 18.1811628,21
4666342,40.3298858, 18.1812272,22
4666342,40.3299155, 18.1812781,23
4666342,40.3300374, 18.1814045,24
4666342,40.3300827, 18.1814514,25
4666342,40.3301129, 18.1814769,26
4666342,40.3301604, 18.1815102,27
4666342,40.3302051, 18.1815258,28
4666342,40.3302379, 18.1815287,29
4666342,40.3303007, 18.1815158,30
4666342,40.3303798, 18.1815008,31
4666342,40.3304274, 18.1814589,32
4666342,40.3304755, 18.181409,33
4666342,40.3305147, 18.1813106,34
4666342,40.3305272, 18.1812232,35
4666342,40.3305197, 18.1811175,36
4666342,40.330501, 18.1810314,37
4666342,40.3305081, 18.1809525,38
4666342,40.3305232, 18.1808949,39
4666342,40.3305425, 18.1808517,40
4666342,40.330575, 18.1808133,41
4666342,40.3306094, 18.1807827,42
4666342,40.3307677, 18.1806632,43
4666342,40.3309258, 18.1806025,44
4666342,40.3313655, 18.1804169,45
4666342,40.3316262, 18.180303,46
4666342,40.3319884, 18.1801428,47
4666342,40.3323474, 18.179984,48
4666342,40.3324932, 18.179926,49
4666342,40.3328951, 18.1797733,50
4666342,40.3330324, 18.179714,51
4666342,40.3331158, 18.179678,52
4666342,40.3335236, 18.1795019,53
4666342,40.3338492, 18.1793613,54
4666342,40.3343342, 18.1791519,55
4666342,40.3346326, 18.179023,56
4666342,40.3348499, 18.1789288,57
4666342,40.3351422, 18.1788021,58
4666342,40.335338, 18.1787173,59
4666342,40.3359294, 18.178461,60
4666342,40.3360621, 18.1784035,61
4666342,40.3363426, 18.1782819,62
4666342,40.3365452, 18.1781941,63
4666342,40.336768, 18.1780975,64
4666342,40.336974, 18.1779897,65
4666342,40.3372984, 18.1778585,66
4666342,40.338173, 18.1775137,67
4666342,40.3389568, 18.177188,68
4666342,40.3394963, 18.1769661,69
4666342,40.3402689, 18.1766372,70
4666342,40.340292, 18.1766279,71
4666342,40.3403463, 18.1766054,72
4666342,40.3404507, 18.1765581,73
4666342,40.3404921, 18.1765398,74
4666342,40.3408919, 18.1763694,75
4666342,40.340954, 18.1763412,76
4666342,40.3410125, 18.1763146,77
4666342,40.3413922, 18.1761568,78
4666342,40.341446, 18.1761353,79
4666342,40.3415088, 18.1761086,80
4666342,40.3418576, 18.1759617,81
4666342,40.3419022, 18.175945,82
4666342,40.3419565, 18.175924,83
4666342,40.3421388, 18.175842,84
4666342,40.342351, 18.1757443,85
4666342,40.3424373, 18.1757046,86
4666342,40.3425662, 18.1756509,87
4666342,40.3426946, 18.1756114,88
4666342,40.3430502, 18.1754746,89
4666342,40.3433195, 18.1753642,90
4666342,40.3438895, 18.1751304,91
4666342,40.3439474, 18.1751066,92
4666342,40.3445773, 18.1748267,93
4666342,40.3446366, 18.1748003,94
4666342,40.3446753, 18.1747831,95
4666342,40.3449624, 18.1746655,96
4666342,40.3454513, 18.1744714,97
4666342,40.3455085, 18.1744487,98
4666342,40.3455854, 18.1744139,99
4666342,40.3456252, 18.1743966,100
4666342,40.3462884, 18.1741087,101
4666342,40.3464428, 18.1740417,102
4666342,40.3465679, 18.1739905,103
4666342,40.3468201, 18.1738838,104
4666342,40.346897, 18.1738513,105
4666342,40.3472316, 18.1736978,106
4666342,40.3474599, 18.1735931,107
4666342,40.3479394, 18.1733731,108
4666342,40.3482275, 18.1732489,109
4666342,40.3483308, 18.1732037,110
4666342,40.3484157, 18.1733136,111
4666342,40.3484809, 18.1734041,112
4666342,40.3486073, 18.1735798,113
4666342,40.3487052, 18.173708,114
4666342,40.348952, 18.1740266,115
4666342,40.3489839, 18.1740667,116
4666342,40.3490405, 18.1741378,117
4666342,40.3492459, 18.1744027,118
4666342,40.3496767, 18.174958,119
4666342,40.3501264, 18.1755644,120
4666342,40.3503453, 18.1758412,121
4666342,40.3508831, 18.1765131,122
4666342,40.3509716, 18.1766068,123
4666342,40.3510261, 18.1766549,124
4666342,40.351086, 18.1767014,125
4666342,40.3511448, 18.1767338,126
4666342,40.3512071, 18.176761,127
4666342,40.3512601, 18.176781,128
4666342,40.3513179, 18.1767907,129
4666342,40.351391, 18.1767948,130
4666342,40.3516921, 18.1767708,131
4666342,40.3517992, 18.1767562,132
4666343,40.3517992, 18.1767562,1
4666343,40.3520249, 18.1767254,2
4666343,40.3520835, 18.1767174,3
4666343,40.3524646, 18.1766654,4
4666343,40.3530369, 18.1765749,5
4666343,40.3535939, 18.1765048,6
4666343,40.3536315, 18.1765001,7
4666343,40.3543106, 18.1764372,8
4666343,40.3543638, 18.1764323,9
4666343,40.3544619, 18.1764221,10
4666343,40.3546192, 18.1763872,11
4666343,40.3551616, 18.1763118,12
4666343,40.3552718, 18.1762965,13
4666343,40.3553764, 18.1762809,14
4666343,40.3555495, 18.1762597,15
4666343,40.3557054, 18.1762301,16
4666343,40.3558041, 18.176182,17
4666343,40.3558866, 18.1760995,18
4666343,40.3559637, 18.1759448,19
4666343,40.3560273, 18.1757448,20
4666343,40.3560768, 18.1754653,21
4666343,40.3561088, 18.1752464,22
4666343,40.3561375, 18.1750279,23
4666343,40.3561464, 18.1749602,24
4666343,40.3561769, 18.1747873,25
4666343,40.3562001, 18.1746573,26
4666343,40.3561961, 18.174589,27
4666343,40.356169, 18.1745108,28
4666343,40.3561227, 18.1744221,29
4666343,40.3560333, 18.1742537,30
4666343,40.3559912, 18.1741743,31
4666343,40.3559779, 18.1740861,32
4666343,40.3559395, 18.1740105,33
4666343,40.3557451, 18.173734,34
4666343,40.3550696, 18.173808,35
4666343,40.354882, 18.173832,36
4666343,40.3544845, 18.1738828,37
4666343,40.3542188, 18.1739174,38
4666343,40.3541726, 18.1739229,39
4666343,40.3541264, 18.1739302,40
4666343,40.3534625, 18.1740349,41
4666343,40.352848, 18.1740952,42
4666343,40.3526629, 18.1741257,43
4666343,40.3524505, 18.1741225,44
4666343,40.3522119, 18.1740309,45
4666343,40.3520155, 18.1739448,46
4666343,40.3518866, 18.1739487,47
4666343,40.3518089, 18.1739779,48
4666343,40.3515976, 18.1747009,49
4666343,40.3515118, 18.174742,50
4666343,40.3514727, 18.1747483,51
4666343,40.3514213, 18.1747567,52
4666343,40.3513283, 18.174727,53
4666343,40.3512284, 18.1746616,54
4666343,40.3511096, 18.1745693,55
4666343,40.3510478, 18.1745111,56
4666343,40.3509952, 18.1744616,57
4666343,40.3507458, 18.1742359,58
4666343,40.3505034, 18.1740495,59
4666343,40.3504712, 18.1740247,60
4666343,40.350297, 18.1738784,61
4666343,40.3502469, 18.1738363,62
4666343,40.3498556, 18.1734962,63
4666343,40.3494879, 18.1731771,64
4666343,40.3494612, 18.173154,65
4666343,40.3493768, 18.1730807,66
4666343,40.3492957, 18.1730135,67
4666343,40.3492755, 18.1729968,68
4666343,40.3490935, 18.1728482,69
4666343,40.3489531, 18.1727337,70
4666343,40.3485551, 18.1724093,71
4666343,40.3484605, 18.1723288,72
4666343,40.3479301, 18.1718773,73
4666343,40.3478877, 18.1718412,74
4666343,40.3475485, 18.1715623,75
4666343,40.3475321, 18.1715493,76
4666343,40.3474854, 18.1715088,77
4666343,40.3474147, 18.1714472,78
4666343,40.34671, 18.1708335,79
4666343,40.3466157, 18.1707927,80
4666343,40.3465372, 18.1707676,81
4666343,40.3464907, 18.1707528,82
4666343,40.3464664, 18.1706579,83
4666343,40.3464132, 18.1705954,84
4666343,40.3463437, 18.170574,85
4666343,40.3463047, 18.170582,86
4666343,40.3462688, 18.1706037,87
4666343,40.3462285, 18.1706539,88
4666343,40.3462057, 18.1707204,89
4666343,40.3462019, 18.1707642,90
4666343,40.346206, 18.170808,91
4666343,40.3461832, 18.17089,92
4666343,40.3461587, 18.1709524,93
4666343,40.3461226, 18.1710314,94
4666343,40.3460629, 18.1711199,95
4666343,40.3457564, 18.1713516,96
4666343,40.345641, 18.1714343,97
4666343,40.3456283, 18.1714434,98
4666343,40.3454557, 18.171567,99
4666343,40.3450805, 18.1718323,100
4666343,40.3448928, 18.171965,101
4666343,40.344523, 18.1722197,102
4666343,40.3443966, 18.1723067,103
4666343,40.3440739, 18.172518,104
4666343,40.3439814, 18.1725779,105
4666343,40.3438509, 18.1726624,106
4666343,40.3436963, 18.1727624,107
4666343,40.3433815, 18.1729662,108
4666343,40.343154, 18.1731301,109
4666343,40.3430443, 18.1732232,110
4666343,40.342847, 18.173741,111
4666343,40.3428158, 18.1738652,112
4666343,40.342774, 18.1740313,113
4666343,40.3427464, 18.174141,114
4666343,40.3426707, 18.1745267,115
4666343,40.3425972, 18.1752333,116
4666343,40.3425735, 18.1754616,117
4666343,40.3425662, 18.1756509,118
4666343,40.3424373, 18.1757046,119
4666343,40.342351, 18.1757443,120
4666343,40.3421388, 18.175842,121
4666343,40.3419565, 18.175924,122
4666343,40.3419022, 18.175945,123
4666343,40.3418576, 18.1759617,124
4666343,40.3415088, 18.1761086,125
4666343,40.341446, 18.1761353,126
4666343,40.3413922, 18.1761568,127
4666343,40.3410125, 18.1763146,128
4666343,40.340954, 18.1763412,129
4666343,40.3408919, 18.1763694,130
4666343,40.3404921, 18.1765398,131
4666343,40.3404507, 18.1765581,132
4666343,40.3403463, 18.1766054,133
4666343,40.340292, 18.1766279,134
4666343,40.3402689, 18.1766372,135
4666343,40.3394963, 18.1769661,136
4666343,40.3389568, 18.177188,137
4666343,40.338173, 18.1775137,138
4666343,40.3372984, 18.1778585,139
4666343,40.336974, 18.1779897,140
4666343,40.336768, 18.1780975,141
4666343,40.3365452, 18.1781941,142
4666343,40.3363426, 18.1782819,143
4666343,40.3360621, 18.1784035,144
4666343,40.3359294, 18.178461,145
4666343,40.335338, 18.1787173,146
4666343,40.3351422, 18.1788021,147
4666343,40.3348499, 18.1789288,148
4666343,40.3346326, 18.179023,149
4666343,40.3343342, 18.1791519,150
4666343,40.3338492, 18.1793613,151
4666343,40.3335236, 18.1795019,152
4666343,40.3331158, 18.179678,153
4666343,40.3330324, 18.179714,154
4666343,40.3328951, 18.1797733,155
4666343,40.3324932, 18.179926,156
4666343,40.3323474, 18.179984,157
4666343,40.3319884, 18.1801428,158
4666343,40.3316262, 18.180303,159
4666343,40.3313655, 18.1804169,160
4666343,40.3309258, 18.1806025,161
4666343,40.3307677, 18.1806632,162
4666343,40.3306158, 18.1807236,163
4666343,40.3305576, 18.1807453,164
4666343,40.3305209, 18.1807687,165
4666343,40.3304729, 18.1808152,166
4666343,40.3304236, 18.1808521,167
4666343,40.3303828, 18.1808683,168
4666343,40.3303217, 18.1808757,169
4666343,40.3302508, 18.1808755,170
4666343,40.3301698, 18.1808938,171
4666343,40.3301041, 18.1809022,172
4666343,40.3300473, 18.1809144,173
4666343,40.329993, 18.1809237,174
4666343,40.3299535, 18.180938,175
4666343,40.3298968, 18.1809679,176
4666343,40.3297835, 18.1810341,177
4666343,40.3297433, 18.1810571,178
4666343,40.3296774, 18.1811137,179
4666343,40.3293182, 18.1812594,180
4666343,40.3291785, 18.1813165,181
4666343,40.3287655, 18.1814852,182
4666343,40.3285228, 18.1815931,183
4666343,40.3281618, 18.1817563,184
4666343,40.3272238, 18.1821433,185
4666343,40.3268829, 18.1822921,186
4666343,40.3267595, 18.182346,187
4666343,40.3262079, 18.1825868,188
4666343,40.3259051, 18.1827109,189
4666343,40.3254792, 18.1828873,190
4666343,40.3248766, 18.1831459,191
4666343,40.3245504, 18.1832832,192
4666343,40.324025, 18.1834946,193
4666343,40.323923, 18.1833181,194
4666343,40.3236226, 18.1834574,195
